Run, Cost
0, 1833.926676170933
10, 1769.683058322247
20, 1900.218473421984
30, 1562.072646293792
40, 2059.6680843885597
50, 1911.693427862496
60, 1967.00133252969
70, 1930.1600237478028
80, 1891.3572090532018
90, 2010.4215871158333
100, 1955.6281545645952
110, 1876.3364382902319
120, 1973.3460803490605
130, 1957.5395373257224
140, 2051.6237895176296
150, 1798.097914427265
160, 1747.449970649157
170, 1747.0636734855307
180, 1926.4677571571415
190, 1859.3355582699073
200, 1987.8803348952943
210, 1934.6210275861258
220, 1826.30914623662
230, 1995.378074308433
240, 1823.5208835973963
250, 1926.186102583312
260, 2084.1768255888574
270, 1881.6384878098681
280, 2163.7320037454374
290, 1774.887170252163
300, 1957.6025705661975
310, 1976.0863070530743
320, 2167.972483709632
330, 1996.2480088815155
340, 2064.0221404360395
350, 1700.2579336678282
360, 1899.3436394327678
370, 1946.0817417411808
380, 1936.8484116116722
390, 2102.501884683111
400, 1694.6989419777717
410, 2027.1066653934288
420, 1878.0162912183903
430, 1899.7796612463385
440, 1842.5129565768652
450, 1995.0686026483722
460, 1880.120613116549
470, 1987.7341704811747
480, 1852.8821984965925
490, 1847.5719637444265
500, 1917.4165919477075
510, 1721.812225354173
520, 1841.327345013463
530, 1966.3990545617125
540, 2006.2771160615512
550, 1945.5829830326304
560, 1858.8356721046298
570, 1776.7901262460798
580, 2034.5241011383973
590, 1874.4445513327958
600, 1757.097709303628
610, 1854.9129745073494
620, 1903.4018434468212
630, 1583.2048106992247
640, 1689.035053595338
650, 1733.40782011635
660, 1908.7801064306584
670, 1878.9716704558723
680, 1989.2120471494493
690, 1990.5382715340875
700, 1907.352738334093
710, 1877.16809530816
720, 1732.2108377609693
730, 1835.891657364591
740, 1827.9080955956929
750, 1776.7401370991936
760, 1803.7355670203017
770, 1876.4913340772005
780, 1845.0371116525048
790, 1978.0323794253754
800, 1983.8940314257368
810, 1751.0308777554153
820, 1995.0104340398393
830, 1963.4810926109608
840, 1945.651736427745
850, 1802.6098525948364
860, 1981.1004713895857
870, 1839.7957902070887
880, 1831.0057919390908
890, 1879.0720490300464
900, 1890.9884013348649
910, 1910.5423412571186
920, 2013.4703873175476
930, 2013.9229564585387
940, 1993.3824645592174
950, 1916.0475284987597
960, 1708.8984577511574
970, 1864.3838987232527
980, 1659.2795035531178
990, 1672.981644164562
1000, 1987.6087723324977
1010, 1744.8963970722687
1020, 1834.3473250281902
1030, 2000.3144892182333
1040, 1952.2103766602086
1050, 1759.1653672148684
1060, 1803.3980497686523
1070, 2017.2791320470135
1080, 1960.8845751293738
1090, 1899.3764278840454
1100, 1800.961623546375
1110, 1815.4122499867303
1120, 1712.6598217820062
1130, 2075.280491219929
1140, 1903.0578053016534
1150, 1851.5744909293578
1160, 2036.9807562487583
1170, 1964.8972138175138
1180, 1955.0135613695854
1190, 1857.6964017451921
1200, 1670.9344734736737
1210, 1838.6345657356153
1220, 1990.0387307608073
1230, 1852.2357280676904
1240, 1773.897705201001
1250, 1414.7613659432147
1260, 1435.0906313331182
1270, 1309.3236364965942
1280, 1282.3029333706606
1290, 1348.5570721435702
1300, 1317.0888074342624
1310, 1327.4861214347434
1320, 1281.0502136070638
1330, 1281.0502136070638
1340, 1222.4701215463253
1350, 1228.6260419809626
1360, 1198.7772224943128
1370, 1185.0030803070013
1380, 1136.714039287747
1390, 1141.3078576916384
1400, 1105.3454470373317
1410, 1091.7938070653045
1420, 1043.5857126181822
1430, 1037.5355299089783
1440, 1031.7444711742573
1450, 1034.6984157989048
1460, 992.7338807107496
1470, 992.7338807107496
1480, 990.2624707827722
1490, 976.9384187091357
1500, 951.5522856139363
1510, 951.5522856139363
1520, 949.5061601033085
1530, 949.8704466631634
1540, 949.8704466631634
1550, 927.8963503717812
1560, 927.8963503717812
1570, 927.8963503717812
1580, 917.2218127228413
1590, 917.2218127228413
1600, 917.2218127228413
1610, 916.5663317970038
1620, 916.5663317970038
1630, 916.5663317970038
1640, 916.5663317970038
1650, 869.8428306638774
1660, 869.8428306638774
1670, 846.9805391062434
1680, 846.9805391062434
1690, 846.9805391062434
1700, 838.9735178391106
1710, 838.9735178391106
1720, 838.9735178391106
1730, 838.9735178391106
1740, 838.9735178391106
1750, 838.9735178391106
1760, 838.9735178391106
1770, 838.9735178391106
1780, 838.9735178391106
1790, 838.9735178391106
1800, 838.9735178391106
1810, 837.2424314656968
1820, 837.2424314656968
1830, 837.2424314656968
1840, 837.2424314656968
1850, 836.3730444891795
1860, 836.3730444891795
1870, 836.3730444891795
1880, 829.7308363799361
1890, 829.7308363799361
1900, 829.7308363799361
1910, 829.7308363799361
1920, 806.9679960934195
1930, 804.1473837381712
1940, 804.1473837381712
1950, 804.1473837381712
1960, 804.1473837381712
1970, 798.8432202572519
1980, 798.8432202572519
1990, 784.5285655751991
2000, 784.5285655751991
2010, 784.5285655751991
2020, 784.5285655751991
2030, 784.5285655751991
2040, 784.5285655751991
2050, 763.8743047296566
2060, 763.8743047296566
2070, 744.50609500487
2080, 744.50609500487
2090, 729.5302296303722
2100, 729.5302296303722
2110, 729.5302296303722
2120, 728.7220155580064
2130, 728.7220155580064
2140, 688.1120446669669
2150, 688.1120446669669
2160, 688.1120446669669
2170, 688.1120446669669
2180, 665.9975968494831
2190, 657.6488789713874
2200, 657.6488789713874
2210, 657.6488789713874
2220, 657.6488789713874
2230, 657.6488789713874
2240, 657.6488789713874
2250, 657.6488789713874
2260, 657.6488789713874
2270, 657.6488789713874
2280, 657.6488789713874
2290, 657.6488789713874
2300, 657.6488789713874
2310, 657.6488789713874
2320, 652.9783587094753
2330, 652.9783587094753
2340, 652.9783587094753
2350, 652.9783587094753
2360, 652.9783587094753
2370, 652.9783587094753
2380, 640.1711983217758
2390, 640.1711983217758
2400, 640.1711983217758
2410, 640.1711983217758
2420, 640.1711983217758
2430, 640.1711983217758
2440, 640.1711983217758
2450, 640.1711983217758
2460, 640.1711983217758
2470, 640.1711983217758
2480, 640.1711983217758
2490, 640.1711983217758
2500, 640.1711983217758
2510, 640.1711983217758
2520, 640.1711983217758
2530, 640.1711983217758
2540, 640.1711983217758
2550, 640.1711983217758
2560, 640.1711983217758
2570, 640.1711983217758
2580, 640.1711983217758
2590, 640.1711983217758
2600, 640.1711983217758
2610, 640.1711983217758
2620, 640.1711983217758
2630, 640.1711983217758
2640, 640.1711983217758
2650, 640.1711983217758
2660, 640.1464801954755
2670, 640.1464801954755
2680, 640.1464801954755
2690, 640.1280920599402
2700, 640.1280920599402
2710, 640.1280920599402
2720, 640.1280920599402
2730, 640.1280920599402
2740, 640.1280920599402
2750, 640.1280920599402
2760, 640.1280920599402
2770, 639.045329529642
2780, 639.045329529642
2790, 639.045329529642
2800, 634.8976657498022
2810, 634.8976657498022
2820, 633.278758415828
2830, 633.278758415828
2840, 633.278758415828
2850, 633.278758415828
2860, 633.278758415828
2870, 633.278758415828
2880, 633.278758415828
2890, 633.278758415828
2900, 633.278758415828
2910, 633.278758415828
2920, 631.278758415828
2930, 631.278758415828
2940, 631.278758415828
2950, 631.278758415828
2960, 631.278758415828
2970, 626.9471131995178
2980, 626.9471131995178
2990, 626.9471131995178
3000, 626.9471131995178
3010, 626.9471131995178
3020, 626.9471131995178
3030, 626.9471131995178
3040, 626.9471131995178
3050, 626.9471131995178
3060, 626.9471131995178
3070, 626.9471131995178
3080, 626.9471131995178
3090, 626.9471131995178
3100, 626.9471131995178
3110, 626.9471131995178
3120, 626.9471131995178
3130, 626.9471131995178
3140, 626.9471131995178
3150, 626.9471131995178
3160, 626.6585201904168
3170, 626.6585201904168
3180, 626.6585201904168
3190, 626.6585201904168
3200, 626.6585201904168
3210, 620.8217078699192
3220, 620.8217078699192
3230, 620.8217078699192
3240, 620.8217078699192
3250, 620.8217078699192
3260, 620.8217078699192
3270, 620.8217078699192
3280, 620.8217078699192
3290, 620.8217078699192
3300, 620.8217078699192
3310, 620.8217078699192
3320, 620.8217078699192
3330, 620.8217078699192
3340, 620.8217078699192
3350, 620.8217078699192
3360, 620.8217078699192
3370, 620.8217078699192
3380, 620.8217078699192
3390, 620.8217078699192
3400, 620.8217078699192
3410, 620.8217078699192
3420, 620.8217078699192
3430, 620.8217078699192
3440, 620.8217078699192
3450, 620.8217078699192
3460, 620.8217078699192
3470, 620.8217078699192
3480, 620.8217078699192
3490, 620.8217078699192
3500, 620.8217078699192
3510, 620.8217078699192
3520, 620.8217078699192
3530, 620.8217078699192
3540, 620.8217078699192
3550, 620.8217078699192
3560, 620.8217078699192
3570, 620.8217078699192
3580, 620.8217078699192
3590, 620.8217078699192
3600, 620.8217078699192
3610, 620.8217078699192
3620, 620.8217078699192
3630, 620.8217078699192
3640, 620.8217078699192
3650, 620.8217078699192
3660, 620.8217078699192
3670, 620.8217078699192
3680, 620.8217078699192
3690, 620.8217078699192
3700, 620.8217078699192
3710, 620.8217078699192
3720, 620.8217078699192
3730, 620.8217078699192
3740, 620.8217078699192
3750, 620.8217078699192
3760, 620.8217078699192
3770, 620.8217078699192
3780, 620.8217078699192
3790, 620.8217078699192
3800, 620.8217078699192
3810, 620.8217078699192
3820, 620.8217078699192
3830, 620.8217078699192
3840, 612.9293248343492
3850, 612.9293248343492
3860, 612.9293248343492
3870, 612.9293248343492
3880, 612.9293248343492
3890, 612.9293248343492
3900, 612.9293248343492
3910, 612.9293248343492
3920, 612.9293248343492
3930, 612.9293248343492
3940, 612.9293248343492
3950, 612.9293248343492
3960, 612.9293248343492
3970, 612.9293248343492
3980, 612.9293248343492
3990, 612.9293248343492
4000, 612.9293248343492
4010, 609.6227631450906
4020, 609.6227631450906
4030, 609.6227631450906
4040, 609.6227631450906
4050, 609.6227631450906
4060, 609.6227631450906
4070, 609.6227631450906
4080, 607.7027408060455
4090, 607.7027408060455
4100, 607.7027408060455
4110, 607.7027408060455
4120, 607.7027408060455
4130, 607.7027408060455
4140, 607.7027408060455
4150, 607.7027408060455
4160, 607.7027408060455
4170, 607.7027408060455
4180, 607.7027408060455
4190, 607.7027408060455
4200, 591.8945654641946
4210, 591.8945654641946
4220, 591.8945654641946
4230, 591.8945654641946
4240, 591.8945654641946
4250, 591.8945654641946
4260, 591.8945654641946
4270, 591.8945654641946
4280, 591.8945654641946
4290, 591.8945654641946
4300, 591.8945654641946
4310, 591.8945654641946
4320, 591.8945654641946
4330, 590.8212137110165
4340, 590.8212137110165
4350, 590.8212137110165
4360, 590.8212137110165
4370, 581.1713856829454
4380, 581.1713856829454
4390, 581.1713856829454
4400, 581.1713856829454
4410, 581.1713856829454
4420, 581.1713856829454
4430, 581.1713856829454
4440, 581.1713856829454
4450, 560.1435560233543
4460, 560.1435560233543
4470, 560.1435560233543
4480, 560.1435560233543
4490, 560.1435560233543
4500, 560.1435560233543
4510, 560.1435560233543
4520, 560.1435560233543
4530, 560.1435560233543
4540, 560.1435560233543
4550, 560.1435560233543
4560, 560.1435560233543
4570, 560.1435560233543
4580, 560.1435560233543
4590, 560.1435560233543
4600, 560.1435560233543
4610, 560.1435560233543
4620, 560.1435560233543
4630, 560.1435560233543
4640, 560.1435560233543
4650, 560.1435560233543
4660, 560.1435560233543
4670, 560.1435560233543
4680, 560.1435560233543
4690, 560.1435560233543
4700, 560.1435560233543
4710, 560.1435560233543
4720, 560.1435560233543
4730, 560.1435560233543
4740, 560.1435560233543
4750, 560.1435560233543
4760, 560.1435560233543
4770, 560.1435560233543
4780, 560.1435560233543
4790, 560.1435560233543
4800, 544.749715205879
4810, 544.749715205879
4820, 544.749715205879
4830, 544.749715205879
4840, 544.749715205879
4850, 544.749715205879
4860, 544.749715205879
4870, 544.749715205879
4880, 544.749715205879
4890, 544.749715205879
4900, 544.749715205879
4910, 544.749715205879
4920, 544.749715205879
4930, 544.749715205879
4940, 544.749715205879
4950, 544.749715205879
4960, 544.749715205879
4970, 544.749715205879
4980, 544.749715205879
4990, 544.749715205879
5000, 544.749715205879
5010, 544.749715205879
5020, 544.749715205879
5030, 544.749715205879
5040, 544.749715205879
5050, 544.749715205879
5060, 544.749715205879
5070, 544.749715205879
5080, 544.749715205879
5090, 544.749715205879
5100, 544.749715205879
5110, 544.749715205879
5120, 544.749715205879
5130, 544.749715205879
5140, 544.749715205879
5150, 544.749715205879
5160, 544.749715205879
5170, 544.749715205879
5180, 544.749715205879
5190, 544.749715205879
5200, 544.749715205879
5210, 544.749715205879
5220, 544.749715205879
5230, 544.749715205879
5240, 544.749715205879
5250, 544.749715205879
5260, 544.749715205879
5270, 544.749715205879
5280, 544.749715205879
5290, 544.749715205879
5300, 544.749715205879
5310, 544.749715205879
5320, 544.749715205879
5330, 544.749715205879
5340, 544.749715205879
5350, 544.749715205879
5360, 544.749715205879
5370, 544.749715205879
5380, 544.749715205879
5390, 529.7739353765181
5400, 529.7739353765181
5410, 529.7739353765181
5420, 529.7739353765181
5430, 529.7739353765181
5440, 529.7739353765181
5450, 529.7739353765181
5460, 529.7739353765181
5470, 529.7739353765181
5480, 529.7739353765181
5490, 529.7739353765181
5500, 529.7739353765181
5510, 529.7739353765181
5520, 529.7739353765181
5530, 529.7739353765181
5540, 529.7739353765181
5550, 529.7739353765181
5560, 529.7739353765181
5570, 529.7739353765181
5580, 529.7739353765181
5590, 529.7739353765181
5600, 529.7739353765181
5610, 529.7739353765181
5620, 529.7739353765181
5630, 529.7739353765181
5640, 529.7739353765181
5650, 529.7739353765181
5660, 529.7739353765181
5670, 529.7739353765181
5680, 529.7739353765181
5690, 529.7739353765181
5700, 529.7739353765181
5710, 529.7739353765181
5720, 529.7739353765181
5730, 529.7739353765181
5740, 529.7739353765181
5750, 529.7739353765181
5760, 529.7739353765181
5770, 529.7739353765181
5780, 529.7739353765181
5790, 529.7739353765181
5800, 529.7739353765181
5810, 529.7739353765181
5820, 529.7739353765181
5830, 529.7739353765181
5840, 529.7739353765181
5850, 529.7739353765181
5860, 529.7739353765181
5870, 529.7739353765181
5880, 529.7739353765181
5890, 529.7739353765181
5900, 529.7739353765181
5910, 529.7739353765181
5920, 529.7739353765181
5930, 529.7739353765181
5940, 529.7739353765181
5950, 529.7739353765181
5960, 529.7739353765181
5970, 529.7739353765181
5980, 529.7739353765181
5990, 529.7739353765181
6000, 529.7739353765181
6010, 529.7739353765181
6020, 529.7739353765181
6030, 529.7739353765181
6040, 529.7739353765181
6050, 529.7739353765181
6060, 529.7739353765181
6070, 529.7739353765181
6080, 529.7739353765181
6090, 529.7739353765181
6100, 529.7739353765181
6110, 529.7739353765181
6120, 529.7739353765181
6130, 529.7739353765181
6140, 529.7739353765181
6150, 529.7739353765181
6160, 529.7739353765181
6170, 529.7739353765181
6180, 529.7739353765181
6190, 529.7739353765181
6200, 529.7739353765181
6210, 529.7739353765181
6220, 529.7739353765181
6230, 529.7739353765181
6240, 529.7739353765181
6250, 529.7739353765181
6260, 529.7739353765181
6270, 529.7739353765181
6280, 529.7739353765181
6290, 529.7739353765181
6300, 529.7739353765181
6310, 529.7739353765181
6320, 529.7739353765181
6330, 529.7739353765181
6340, 529.7739353765181
6350, 529.7739353765181
6360, 529.7739353765181
6370, 529.7739353765181
6380, 529.7739353765181
6390, 529.7739353765181
6400, 529.7739353765181
6410, 529.7739353765181
6420, 529.7739353765181
6430, 529.7739353765181
6440, 529.7739353765181
6450, 529.7739353765181
6460, 529.7739353765181
6470, 529.7739353765181
6480, 529.7739353765181
6490, 529.7739353765181
6500, 529.7739353765181
6510, 529.7739353765181
6520, 529.7739353765181
6530, 529.7739353765181
6540, 529.7739353765181
6550, 529.7739353765181
6560, 529.7739353765181
6570, 529.7739353765181
6580, 529.7739353765181
6590, 529.7739353765181
6600, 529.7739353765181
6610, 529.7739353765181
6620, 529.7739353765181
6630, 529.7739353765181
6640, 529.7739353765181
6650, 529.7739353765181
6660, 529.7739353765181
6670, 529.7739353765181
6680, 529.7739353765181
6690, 529.7739353765181
6700, 529.7739353765181
6710, 529.7739353765181
6720, 529.7739353765181
6730, 529.7739353765181
6740, 529.7739353765181
6750, 529.7739353765181
6760, 529.7739353765181
6770, 529.7739353765181
6780, 529.7739353765181
6790, 529.7739353765181
6800, 529.7739353765181
6810, 529.7739353765181
6820, 529.7739353765181
6830, 529.7739353765181
6840, 529.7739353765181
6850, 529.7739353765181
6860, 529.7739353765181
6870, 529.7739353765181
6880, 529.7739353765181
6890, 529.7739353765181
6900, 529.7739353765181
6910, 529.7739353765181
6920, 529.7739353765181
6930, 529.7739353765181
6940, 529.7739353765181
6950, 529.7739353765181
6960, 529.7739353765181
6970, 529.7739353765181
6980, 529.7739353765181
6990, 529.7739353765181
7000, 529.7739353765181
7010, 529.7739353765181
7020, 529.7739353765181
7030, 529.7739353765181
7040, 529.7739353765181
7050, 529.7739353765181
7060, 529.7739353765181
7070, 529.7739353765181
7080, 529.7739353765181
7090, 529.7739353765181
7100, 529.7739353765181
7110, 529.7739353765181
7120, 529.7739353765181
7130, 529.7739353765181
7140, 529.7739353765181
7150, 529.7739353765181
7160, 529.7739353765181
7170, 529.7739353765181
7180, 529.7739353765181
7190, 529.7739353765181
7200, 529.7739353765181
7210, 529.7739353765181
7220, 529.7739353765181
7230, 529.7739353765181
7240, 529.7739353765181
7250, 529.7739353765181
7260, 529.7739353765181
7270, 529.7739353765181
7280, 529.7739353765181
7290, 529.7739353765181
7300, 529.7739353765181
7310, 529.7739353765181
7320, 529.7739353765181
7330, 529.7739353765181
7340, 529.7739353765181
7350, 529.7739353765181
7360, 529.7739353765181
7370, 529.7739353765181
7380, 529.7739353765181
7390, 529.7739353765181
7400, 529.7739353765181
7410, 529.7739353765181
7420, 529.7739353765181
7430, 529.7739353765181
7440, 529.7739353765181
7450, 529.7739353765181
7460, 529.7739353765181
7470, 529.7739353765181
7480, 529.7739353765181
7490, 529.7739353765181
7500, 529.7739353765181
7510, 529.7739353765181
7520, 529.7739353765181
7530, 529.7739353765181
7540, 529.7739353765181
7550, 529.7739353765181
7560, 529.7739353765181
7570, 529.7739353765181
7580, 529.7739353765181
7590, 529.7739353765181
7600, 529.7739353765181
7610, 529.7739353765181
7620, 529.7739353765181
7630, 529.7739353765181
7640, 529.7739353765181
7650, 529.7739353765181
7660, 529.7739353765181
7670, 529.7739353765181
7680, 529.7739353765181
7690, 529.7739353765181
7700, 529.7739353765181
7710, 529.7739353765181
7720, 529.7739353765181
7730, 529.7739353765181
7740, 529.7739353765181
7750, 529.7739353765181
7760, 529.7739353765181
7770, 529.7739353765181
7780, 529.7739353765181
7790, 529.7739353765181
7800, 529.7739353765181
7810, 529.7739353765181
7820, 529.7739353765181
7830, 529.7739353765181
7840, 529.7739353765181
7850, 529.7739353765181
7860, 529.7739353765181
7870, 529.7739353765181
7880, 529.7739353765181
7890, 529.7739353765181
7900, 529.7739353765181
7910, 529.7739353765181
7920, 529.7739353765181
7930, 529.7739353765181
7940, 529.7739353765181
7950, 529.7739353765181
7960, 529.7739353765181
7970, 529.7739353765181
7980, 529.7739353765181
7990, 529.7739353765181
8000, 529.7739353765181
8010, 529.7739353765181
8020, 529.7739353765181
8030, 529.7739353765181
8040, 529.7739353765181
8050, 529.7739353765181
8060, 529.7739353765181
8070, 529.7739353765181
8080, 529.7739353765181
8090, 529.7739353765181
8100, 529.7739353765181
8110, 529.7739353765181
8120, 529.7739353765181
8130, 529.7739353765181
8140, 529.7739353765181
8150, 529.7739353765181
8160, 529.7739353765181
8170, 529.7739353765181
8180, 529.7739353765181
8190, 529.7739353765181
8200, 529.7739353765181
8210, 529.7739353765181
8220, 529.7739353765181
8230, 529.7739353765181
8240, 529.7739353765181
8250, 529.7739353765181
8260, 529.7739353765181
8270, 529.7739353765181
8280, 529.7739353765181
8290, 529.7739353765181
8300, 529.7739353765181
8310, 529.7739353765181
8320, 529.7739353765181
8330, 529.7739353765181
8340, 529.7739353765181
8350, 529.7739353765181
8360, 529.7739353765181
8370, 529.7739353765181
8380, 529.7739353765181
8390, 529.7739353765181
8400, 529.7739353765181
8410, 529.7739353765181
8420, 529.7739353765181
8430, 529.7739353765181
8440, 529.7739353765181
8450, 529.7739353765181
8460, 529.7739353765181
8470, 529.7739353765181
8480, 529.7739353765181
8490, 529.7739353765181
8500, 529.7739353765181
8510, 529.7739353765181
8520, 529.7739353765181
8530, 529.7739353765181
8540, 529.7739353765181
8550, 529.7739353765181
8560, 529.7739353765181
8570, 529.7739353765181
8580, 529.7739353765181
8590, 529.7739353765181
8600, 529.7739353765181
8610, 529.7739353765181
8620, 529.7739353765181
8630, 529.7739353765181
8640, 529.7739353765181
8650, 529.7739353765181
8660, 529.7739353765181
8670, 529.7739353765181
8680, 529.7739353765181
8690, 529.7739353765181
8700, 529.7739353765181
8710, 529.7739353765181
8720, 529.7739353765181
8730, 529.7739353765181
8740, 529.7739353765181
8750, 529.7739353765181
8760, 529.7739353765181
8770, 529.7739353765181
8780, 529.7739353765181
8790, 529.7739353765181
8800, 529.7739353765181
8810, 529.7739353765181
8820, 529.7739353765181
8830, 529.7739353765181
8840, 529.7739353765181
8850, 529.7739353765181
8860, 529.7739353765181
8870, 529.7739353765181
8880, 529.7739353765181
8890, 529.7739353765181
8900, 529.7739353765181
8910, 529.7739353765181
8920, 529.7739353765181
8930, 529.7739353765181
8940, 529.7739353765181
8950, 529.7739353765181
8960, 529.7739353765181
8970, 529.7739353765181
8980, 529.7739353765181
8990, 529.7739353765181
9000, 529.7739353765181
9010, 529.7739353765181
9020, 529.7739353765181
9030, 529.7739353765181
9040, 529.7739353765181
9050, 529.7739353765181
9060, 529.7739353765181
9070, 529.7739353765181
9080, 529.7739353765181
9090, 529.7739353765181
9100, 529.7739353765181
9110, 529.7739353765181
9120, 529.7739353765181
9130, 529.7739353765181
9140, 529.7739353765181
9150, 529.7739353765181
9160, 529.7739353765181
9170, 529.7739353765181
9180, 529.7739353765181
9190, 529.7739353765181
9200, 529.7739353765181
9210, 529.7739353765181
9220, 529.7739353765181
9230, 529.7739353765181
9240, 529.7739353765181
9250, 529.7739353765181
9260, 529.7739353765181
9270, 529.7739353765181
9280, 529.7739353765181
9290, 529.7739353765181
9300, 529.7739353765181
9310, 529.7739353765181
9320, 529.7739353765181
9330, 529.7739353765181
9340, 529.7739353765181
9350, 529.7739353765181
9360, 529.7739353765181
9370, 529.7739353765181
9380, 529.7739353765181
9390, 529.7739353765181
9400, 529.7739353765181
9410, 529.7739353765181
9420, 529.7739353765181
9430, 529.7739353765181
9440, 529.7739353765181
9450, 529.7739353765181
9460, 529.7739353765181
9470, 529.7739353765181
9480, 529.7739353765181
9490, 529.7739353765181
9500, 529.7739353765181
9510, 529.7739353765181
9520, 529.7739353765181
9530, 529.7739353765181
9540, 529.7739353765181
9550, 529.7739353765181
9560, 529.7739353765181
9570, 529.7739353765181
9580, 529.7739353765181
9590, 529.7739353765181
9600, 529.7739353765181
9610, 529.7739353765181
9620, 529.7739353765181
9630, 529.7739353765181
9640, 529.7739353765181
9650, 529.7739353765181
9660, 529.7739353765181
9670, 529.7739353765181
9680, 529.7739353765181
9690, 529.7739353765181
9700, 529.7739353765181
9710, 529.7739353765181
9720, 529.7739353765181
9730, 529.7739353765181
9740, 529.7739353765181
9750, 529.7739353765181
9760, 529.7739353765181
9770, 529.7739353765181
9780, 529.7739353765181
9790, 529.7739353765181
9800, 529.7739353765181
9810, 529.7739353765181
9820, 529.7739353765181
9830, 529.7739353765181
9840, 529.7739353765181
9850, 529.7739353765181
9860, 529.7739353765181
9870, 529.7739353765181
9880, 529.7739353765181
9890, 529.7739353765181
9900, 529.7739353765181
9910, 529.7739353765181
9920, 529.7739353765181
9930, 529.7739353765181
9940, 529.7739353765181
9950, 529.7739353765181
9960, 529.7739353765181
9970, 529.7739353765181
9980, 529.7739353765181
9990, 529.7739353765181
10000, 529.7739353765181
